-2.5729504224340852e+23,6.259497090179812e+22,-1.9470007134161043e+23,0.5
-2.5729609438198484e+23,6.259549785124126e+22,-1.947005965307436e+23,1.0
-2.5729719749656103e+23,6.259605023735313e+22,-1.947011472592079e+23,1.5
-2.5729835802837583e+23,6.259663128248594e+22,-1.9470172674588984e+23,2.0
-2.5729958170183358e+23,6.259724385076834e+22,-1.9470233785106524e+23,2.5
-2.573008735708022e+23,6.25978904711981e+22,-1.9470298309960412e+23,3.0
-2.573022380653092e+23,6.25985733609418e+22,-1.9470366470436743e+23,3.5
-2.573036790379224e+23,6.25992944484849e+22,-1.947043845894376e+23,4.0
-2.5730519980925004e+23,6.260005539634824e+22,-1.947051444129018e+23,4.5
-2.573068032121201e+23,6.260085762315079e+22,-1.9470594558896926e+23,5.0
-2.5730849163411357e+23,6.260170232485417e+22,-1.9470678930925937e+23,5.5
-2.573102670582134e+23,6.260259049506975e+22,-1.9470767656314362e+23,6.0
-2.5731213110140844e+23,6.260352294434689e+22,-1.9470860815706153e+23,6.5
-2.5731408505114573e+23,6.260450031838767e+22,-1.9470958473275803e+23,7.0
-2.5731612989956308e+23,6.260552311515422e+22,-1.9471060678440876e+23,7.5
-2.5731826637546196e+23,6.260659170084809e+22,-1.947116746746139e+23,8.0
-2.5732049497399952e+23,6.260770632475007e+22,-1.947127886492494e+23,8.5
-2.5732281598409367e+23,6.260886713291927e+22,-1.9471394885117447e+23,9.0
-2.573252295135572e+23,6.261007418075783e+22,-1.947151553327994e+23,9.5
-2.5732773551200162e+23,6.261132744446329e+22,-1.9471640806753824e+23,10.0
-2.5733033379158328e+23,6.261262683140448e+22,-1.9471770696017883e+23,10.5
-2.5733302404570318e+23,6.261397218947565e+22,-1.9471905185622746e+23,11.0
-2.5733580586579896e+23,6.261536331549937e+22,-1.947204425502995e+23,11.5
-2.5733867875639937e+23,6.261679996276074e+22,-1.947218787936386e+23,12.0
-2.5734164214861545e+23,6.2618281847760785e+22,-1.9472336030085464e+23,12.5
-2.5734469541224952e+23,6.261980865627759e+22,-1.947248867559719e+23,13.0
-2.5734783786668088e+23,6.2621380048815735e+22,-1.947264578178651e+23,13.5
-2.5735106879067567e+23,6.262299566551639e+22,-1.9472807312515924e+23,14.0
-2.573543874312379e+23,6.262465513058728e+22,-1.9472973230065052e+23,14.5
-2.573577930116031e+23,6.2626358056302796e+22,-1.9473143495530028e+23,15.0
-2.5736128473845314e+23,6.2628104046614636e+22,-1.947331806918385e+23,15.5
-2.5736486180841988e+23,6.262989270040618e+22,-1.9473496910801374e+23,16.0
-2.573685234139353e+23,6.263172361441987e+22,-1.947367997995154e+23,16.5
-2.5737226874847896e+23,6.263359638588322e+22,-1.9473867236259573e+23,17.0
-2.573760970112707e+23,6.263551061485743e+22,-1.9474058639641322e+23,17.5
-2.5738000741145363e+23,6.263746590633109e+22,-1.947425415051225e+23,18.0
-2.5738399917181198e+23,6.2639461872081e+22,-1.94744537299731e+23,18.5
-2.573880715320641e+23,6.264149813232101e+22,-1.9474657339974306e+23,19.0
-2.573922237517724e+23,6.264357431715908e+22,-1.9474864943461333e+23,19.5
-2.573964551129091e+23,6.2645690067881745e+22,-1.9475076504502724e+23,20.0
-2.57400764922112e+23,6.264784503808448e+22,-1.9475291988402752e+23,20.5
-2.5740515251266717e+23,6.265003889466412e+22,-1.9475511361800303e+23,21.0
-2.574096172462474e+23,6.265227131869013e+22,-1.947573459275572e+23,21.5
-2.5741415851443563e+23,6.265454200616795e+22,-1.9475961650826763e+23,22.0
-2.5741877574006083e+23,6.265685066870776e+22,-1.947619250713531e+23,22.5
-2.5742346837836468e+23,6.2659197034109575e+22,-1.947642713442551e+23,23.0
-2.5742823591802322e+23,6.2661580846874954e+22,-1.9476665507114834e+23,23.5
-2.5743307788203686e+23,6.2664001868652725e+22,-1.9476907601338417e+23,24.0
-2.5743799382850194e+23,6.266645987862597e+22,-1.9477153394987596e+23,24.5
-2.5744298335127696e+23,6.266895467384543e+22,-1.947740286774315e+23,25.0
-2.5744804608054867e+23,6.267148606951329e+22,-1.9477656001103534e+23,25.5
-2.5745318168330546e+23,6.267405389922026e+22,-1.947791277840852e+23,26.0
-2.574583898637223e+23,6.267665801513843e+22,-1.947817318485838e+23,26.5
-2.574636703634605e+23,6.267929828817163e+22,-1.947843720752889e+23,27.0
-2.5746902296188598e+23,6.268197460806457e+22,-1.9478704835382137e+23,27.5
-2.5747444747620885e+23,6.268468688347341e+22,-1.947897605927354e+23,28.0
-2.574799437615495e+23,6.268743504199897e+22,-1.9479250871955053e+23,28.5
-2.5748551171093726e+23,6.26902190301864e+22,-1.947952926807509e+23,29.0
-2.5749115125524735e+23,6.269303881349424e+22,-1.9479811244175313e+23,29.5
-2.574968623630862e+23,6.269589437623774e+22,-1.948009679868484e+23,30.0
-2.575026450406346e+23,6.269878572151069e+22,-1.948038593191239e+23,30.5
-2.5750849933146048e+23,6.270171287109257e+22,-1.948067864603679e+23,31.0
-2.5751442531631245e+23,6.27046758653459e+22,-1.9480974945096655e+23,31.5
-2.5752042311290882e+23,6.270767476311128e+22,-1.9481274834979753e+23,32.0
-2.5752649287573414e+23,6.271070964160616e+22,-1.9481578323412803e+23,32.5
-2.575326347958566e+23,6.271378059633398e+22,-1.948188541995227e+23,33.0
-2.5753884910077934e+23,6.271688774101013e+22,-1.9482196135976924e+23,33.5
-2.5754513605433442e+23,6.272003120750924e+22,-1.9482510484682516e+23,34.0
-2.5755149595662862e+23,6.272321114583736e+22,-1.9482828481079123e+23,34.5
-2.5755792914403925e+23,6.272642772412984e+22,-1.9483150141990937e+23,35.0
-2.5756443598925713e+23,6.272968112867133e+22,-1.9483475486058582e+23,35.5
-2.5757101690135923e+23,6.273297156393067e+22,-1.9483804533742854e+23,36.0
-2.575776723258862e+23,6.273629925259755e+22,-1.9484137307328865e+23,36.5
-2.5758440274488744e+23,6.273966443560273e+22,-1.948447383092847e+23,37.0
-2.5759120867689057e+23,6.274306737210008e+22,-1.9484814130479044e+23,37.5
-2.575980906767434e+23,6.2746508339385085e+22,-1.9485158233735837e+23,38.0
-2.576050493352806e+23,6.274998763272592e+22,-1.948550617025547e+23,38.5
-2.5761208527877003e+23,6.275350556508512e+22,-1.9485857971368486e+23,39.0
-2.5761919916810583e+23,6.275706246671524e+22,-1.948621367013906e+23,39.5
-2.5762639169772894e+23,6.276065868461866e+22,-1.9486573301311028e+23,40.0
-2.5763366359426766e+23,6.276429458186798e+22,-1.9486936901239967e+23,40.5
-2.57641015614901e+23,6.2767970536788335e+22,-1.9487304507811263e+23,41.0
-2.5764844854545553e+23,6.277168694200585e+22,-1.948767616034497e+23,41.5
-2.5765596319824257e+23,6.277544420336622e+22,-1.948805189948763e+23,42.0
-2.57663560409638e+23,6.277924273872427e+22,-1.9488431767091368e+23,42.5
-2.576712410374e+23,6.2783082976601296e+22,-1.948881580607987e+23,43.0
-2.576790059577033e+23,6.278696535470088e+22,-1.948920406030024e+23,43.5
-2.5768685606186182e+23,6.27908903182675e+22,-1.9489596574359426e+23,44.0
-2.5769479225269585e+23,6.279485831826773e+22,-1.9489993393442804e+23,44.5
-2.5770281544049438e+23,6.2798869809368035e+22,-1.949039456311263e+23,45.0
-2.577109265385115e+23,6.280292524767988e+22,-1.949080012908316e+23,45.5
-2.5771912645793266e+23,6.280702508823909e+22,-1.9491210136969364e+23,46.0
-2.5772741610223955e+23,6.28111697821846e+22,-1.9491624632005493e+23,46.5
-2.577357963608976e+23,6.281535977359873e+22,-1.9492043658729888e+23,47.0
-2.577442681022881e+23,6.2819595495969015e+22,-1.949246726063191e+23,47.5
-2.5775283216580078e+23,6.282387736823057e+22,-1.949289547975702e+23,48.0
-2.5776148935299806e+23,6.2828205790344495e+22,-1.949332835626536e+23,48.5
-2.5777024041776235e+23,6.283258113836706e+22,-1.9493765927939532e+23,49.0
-2.5777908605532655e+23,6.283700375896106e+22,-1.9494208229636548e+23,49.5
-2.5778802689008935e+23,6.284147396329962e+22,-1.9494655292678967e+23,50.0
-2.57797063462111e+23,6.284599202030989e+22,-1.9495107144180116e+23,50.5
-2.5780619621218065e+23,6.285055814920282e+22,-1.9495563806297784e+23,51.0
-2.578154254653424e+23,6.285517251123309e+22,-1.949602529541093e+23,51.5
-2.578247514127702e+23,6.285983520063266e+22,-1.9496491621213753e+23,52.0
-2.5783417409187248e+23,6.286454623466107e+22,-1.949696278572114e+23,52.5
-2.5784369336451706e+23,6.286930554271535e+22,-1.9497438782180163e+23,53.0
-2.5785330889326398e+23,6.287411295444534e+22,-1.949791959388186e+23,53.5
-2.5786302011550297e+23,6.287896818682235e+22,-1.9498405192868063e+23,54.0
-2.5787282621540312e+23,6.288387083011516e+22,-1.9498895538528797e+23,54.5
-2.578827260935965e+23,6.288882033273523e+22,-1.949939057608613e+23,55.0
-2.578927183345437e+23,6.289381598492437e+22,-1.9499890234961932e+23,55.5
-2.5790280117155394e+23,6.289885690127338e+22,-1.9500394427028055e+23,56.0
-2.5791297244948147e+23,6.290394200208123e+22,-1.9500903044740017e+23,56.5
-2.579232295851634e+23,6.290906999359e+22,-1.950141595915734e+23,57.0
-2.579335695257383e+23,6.291423934716388e+22,-1.950193301785744e+23,57.5
-2.5794398870505535e+23,6.2919448277519805e+22,-1.950245404275355e+23,58.0
-2.579544829984867e+23,6.292469472016551e+22,-1.950297882783212e+23,58.5
-2.5796504767656098e+23,6.292997630825492e+22,-1.9503507136830604e+23,59.0
-2.579756773579613e+23,6.293529034913409e+22,-1.9504038700882724e+23,59.5
-2.579863659625766e+23,6.294063380092111e+22,-1.950457321616555e+23,60.0
-2.5799710666544366e+23,6.2946003249540584e+22,-1.95051103415903e+23,60.5
-2.5800789185258973e+23,6.295139488671713e+22,-1.950564969658726e+23,61.0
-2.580187130799584e+23,6.295680448951928e+22,-1.9506190859043907e+23,61.5
-2.58029561036785e+23,6.296222740213663e+22,-1.950673336346483e+23,62.0
-2.58040425514969e+23,6.2967658520663246e+22,-1.950727669943057e+23,62.5
-2.5805129538616204e+23,6.2973092281745096e+22,-1.950782031044169e+23,63.0
-2.5806215858844787e+23,6.2978522656027984e+22,-1.9508363593241986e+23,63.5
-2.5807300212461364e+23,6.298394314740239e+22,-1.950890589772112e+23,64.0
-2.580838120740916e+23,6.298934679908172e+22,-1.9509446527500992e+23,64.5
-2.580945736206728e+23,6.299472620756001e+22,-1.9509984741311273e+23,65.0
-2.581052710980338e+23,6.3000073545464605e+22,-1.9510519755256924e+23,65.5
-2.5811588805496884e+23,6.300538059424368e+22,-1.9511050746072514e+23,66.0
-2.581264073419557e+23,6.301063878749659e+22,-1.9511576855445912e+23,66.5
-2.5813681122030043e+23,6.30158392655621e+22,-1.951209719547383e+23,67.0
-2.5814708149458692e+23,6.302097294172137e+22,-1.9512610855286552e+23,67.5
-2.5815719966850874e+23,6.302603058004715e+22,-1.9513116908846158e+23,68.0
-2.5816714712337996e+23,6.3031002884543514e+22,-1.951361442388364e+23,68.5
-2.5817690531773595e+23,6.303588059877631e+22,-1.9514102471895963e+23,69.0
-2.5818645600546398e+23,6.304065461471438e+22,-1.9514580139074964e+23,69.5
-2.5819578146889292e+23,6.304531608899706e+22,-1.9515046537989588e+23,70.0
-2.5820486476227722e+23,6.304985656434988e+22,-1.9515500819792737e+23,70.5
-2.582136899601841e+23,6.305426809341264e+22,-1.951594218667715e+23,71.0
-2.5822224240451633e+23,6.305854336185658e+22,-1.9516369904265975e+23,71.5
-2.582305089433325e+23,6.306267580738792e+22,-1.9516783313594454e+23,72.0
-2.582384781543322e+23,6.306665973108801e+22,-1.951718184232442e+23,72.5
-2.5824614054589857e+23,6.307049039755651e+22,-1.95175650148342e+23,73.0
-2.582534887289709e+23,6.307416412051229e+22,-1.951793246084586e+23,73.5
-2.5826051755375732e+23,6.307767833087572e+22,-1.951828392228816e+23,74.0
-2.582672242063699e+23,6.3081031624888515e+22,-1.9518619258148127e+23,74.5
-2.5827360826182902e+23,6.308422379050591e+22,-1.951893844713231e+23,75.0
-2.582796716914566e+23,6.308725581107754e+22,-1.9519241588037903e+23,75.5
-2.582854188243751e+23,6.3090129846176655e+22,-1.9519528897819846e+23,76.0
-2.5829085626454572e+23,6.309284919028901e+22,-1.9519800707425665e+23,76.5
-2.5829599276640382e+23,6.309541821088152e+22,-1.952005745555223e+23,77.0
-2.5830083907359247e+23,6.309784226808609e+22,-1.952029968055063e+23,77.5
-2.5830540772647243e+23,6.310012761882147e+22,-1.952052801076509e+23,78.0
-2.5830971284494058e+23,6.3102281308599195e+22,-1.9520743153634132e+23,78.5
-2.5831376989358827e+23,6.310431105451079e+22,-1.952094588390774e+23,79.0
-2.583175954363748e+23,6.310622512296539e+22,-1.9521137031340946e+23,79.5
-2.5832120688780022e+23,6.310803220565299e+22,-1.9521317468214716e+23,80.0
-2.5832462226707318e+23,6.310974129697055e+22,-1.9521488097010266e+23,80.5
-2.583278599610613e+23,6.311136157579075e+22,-1.9521649838527054e+23,81.0
-2.5833093850091376e+23,6.311290229401697e+22,-1.9521803620689675e+23,81.5
-2.583338763562737e+23,6.311437267387688e+22,-1.9521950368239678e+23,82.0
-2.5833669174997074e+23,6.311578181540227e+22,-1.9522090993456853e+23,82.5
-2.5833940249509175e+23,6.311713861504579e+22,-1.9522226388004594e+23,83.0
-2.5834202585539625e+23,6.311845169592396e+22,-1.9522357415947232e+23,83.5
-2.5834457842921756e+23,6.311972934976148e+22,-1.9522484907945606e+23,84.0
-2.5834707605628574e+23,6.312097949026333e+22,-1.9522609656602246e+23,84.5
-2.583495337463417e+23,6.312220961735498e+22,-1.9522732412898668e+23,85.0
-2.5835196562797744e+23,6.312342679151648e+22,-1.952285388364609e+23,85.5
-2.5835438491583965e+23,6.312463761728434e+22,-1.952297472985553e+23,86.0
-2.5835680389415178e+23,6.312584823490491e+22,-1.9523095565924684e+23,86.5
-2.583592339144321e+23,6.312706431908366e+22,-1.9523216959534844e+23,87.0
-2.5836168540529955e+23,6.312829108377889e+22,-1.9523339432152062e+23,87.5
-2.5836416789233373e+23,6.312953329202706e+22,-1.9523463460030666e+23,88.0
-2.583666900260867e+23,6.313079526985056e+22,-1.952358947562361e+23,88.5
-2.5836925961650428e+23,6.313208092337807e+22,-1.9523717869312626e+23,89.0
-2.5837188367219262e+23,6.313339375839596e+22,-1.9523848991379664e+23,89.5
-2.5837456844315275e+23,6.313473690164264e+22,-1.952398315415101e+23,90.0
-2.583773194657862e+23,6.313611312324731e+22,-1.952412063425389e+23,90.5
-2.5838014160915244e+23,6.313752485980286e+22,-1.9524261674934965e+23,91.0
-2.5838303912161894e+23,6.313897423764287e+22,-1.95244064883976e+23,91.5
-2.5838601567719495e+23,6.314046309596838e+22,-1.9524555258122654e+23,92.0
-2.583890744209758e+23,6.314199300953551e+22,-1.952470814114403e+23,92.5
-2.5839221801324096e+23,6.3143565310677075e+22,-1.952486527025639e+23,93.0
-2.5839544867185838e+23,6.314518111048197e+22,-1.9525026756137648e+23,93.5
-2.5839876821273603e+23,6.314684131900299e+22,-1.9525192689373302e+23,94.0
-2.584021780881402e+23,6.314854666440251e+22,-1.9525363142373773e+23,94.5
-2.584056794227682e+23,6.315029771097813e+22,-1.9525538171179007e+23,95.0
-2.584092730475141e+23,6.315209487603873e+22,-1.9525717817147534e+23,95.5
-2.584129595309163e+23,6.31539384456232e+22,-1.952590210852931e+23,96.0
-2.584167392083069e+23,6.31558285890726e+22,-1.9526091061923427e+23,96.5
-2.584206122087163e+23,6.315776537248166e+22,-1.952628468362346e+23,97.0
-2.5842457847960657e+23,6.3159748771066025e+22,-1.9526482970854056e+23,97.5
-2.584286378095259e+23,6.316177868049113e+22,-1.9526685912903475e+23,98.0
-2.5843278984878822e+23,6.316385492721478e+22,-1.9526893492157343e+23,98.5
-2.584370341282925e+23,6.316597727789993e+22,-1.9527105685039255e+23,99.0
-2.5844137007659887e+23,6.316814544795679e+22,-1.9527322462864206e+23,99.5
-2.5844579703538486e+23,6.317035910927486e+22,-1.9527543792611e+23,100.0
-2.5845031427340127e+23,6.317261789720532e+22,-1.9527769637619594e+23,100.5
-2.5845492099904664e+23,6.317492141685256e+22,-1.9527999958219412e+23,101.0
-2.584596163716756e+23,6.317726924873267e+22,-1.952823471229429e+23,101.5
-2.5846439951174838e+23,6.317966095385263e+22,-1.9528473855789573e+23,102.0
-2.5846926950992633e+23,6.318209607826171e+22,-1.9528717343166456e+23,102.5
-2.584742254352064e+23,6.318457415712315e+22,-1.9528965127808325e+23,103.0
-2.5847926634218565e+23,6.318709471834951e+22,-1.952921716238361e+23,103.5
-2.584843912775345e+23,6.3189657285843225e+22,-1.9529473399169125e+23,104.0
-2.5848959928575582e+23,6.31922613823792e+22,-1.952973379033766e+23,104.5
-2.5849488941429587e+23,6.319490653216324e+22,-1.952999828821326e+23,105.0
-2.585002607180708e+23,6.3197592263098374e+22,-1.953026684549724e+23,105.5
-2.5850571226346484e+23,6.320031810878659e+22,-1.9530539415467822e+23,106.0
-2.5851124313185324e+23,6.320308361029272e+22,-1.953081595215605e+23,106.5
-2.5851685242269774e+23,6.3205888317694855e+22,-1.953109641050029e+23,107.0
-2.5852253925626068e+23,6.320873179144348e+22,-1.9531380746481715e+23,107.5
-2.5852830277597836e+23,6.321161360355086e+22,-1.9531668917242748e+23,108.0
-2.585341421505379e+23,6.321453333863105e+22,-1.9531960881190684e+23,108.5
-2.585400565756924e+23,6.321749059481033e+22,-1.9532256598088205e+23,109.0
-2.5854604527585703e+23,6.322048498452726e+22,-1.953255602913298e+23,109.5
-2.5855210750552312e+23,6.322351613524145e+22,-1.9532859137028168e+23,110.0
-2.5855824255052564e+23,6.322658369007005e+22,-1.9533165886045562e+23,110.5
-2.5856444972920415e+23,6.322968730836961e+22,-1.9533476242083457e+23,111.0
-2.585707283934864e+23,6.323282666627988e+22,-1.9533790172720653e+23,111.5
-2.585770779299254e+23,6.3236001457243395e+22,-1.9534107647268197e+23,112.0
-2.585834977607081e+23,6.323921139251041e+22,-1.953442863681977e+23,112.5
-2.5858998734464482e+23,6.324245620163343e+22,-1.9534753114301137e+23,113.0
-2.5859654617813247e+23,6.324573563294834e+22,-1.9535081054518415e+23,113.5
-2.586031737960749e+23,6.324904945403237e+22,-1.9535412434204257e+23,114.0
-2.5860986977272267e+23,6.325239745212233e+22,-1.9535747232060035e+23,114.5
-2.586166337223938e+23,6.3255779434472734e+22,-1.9536085428792104e+23,115.0
-2.5862346530003242e+23,6.325919522863302e+22,-1.953642700713994e+23,115.5
-2.5863036420157024e+23,6.326264468262762e+22,-1.9536771951894265e+23,116.0
-2.586373301640747e+23,6.326612766502967e+22,-1.9537120249904506e+23,116.5
-2.5864436296568552e+23,6.326964406493057e+22,-1.9537471890075492e+23,117.0
-2.586514624253678e+23,6.327319379181865e+22,-1.9537826863354913e+23,117.5
-2.5865862840252428e+23,6.32767767753879e+22,-1.953818516271364e+23,118.0
-2.5866586079652224e+23,6.328039296530425e+22,-1.95385467831218e+23,118.5
-2.586731595461897e+23,6.328404233095646e+22,-1.9538911721523317e+23,119.0
-2.5868052462933127e+23,6.328772486121584e+22,-1.9539279976811536e+23,119.5
-2.5868795606229877e+23,6.329144056422305e+22,-1.953965154980757e+23,120.0
-2.5869545389963893e+23,6.32951894672124e+22,-1.954002644324265e+23,120.5
-2.587030182338248e+23,6.329897161637769e+22,-1.9540404661744706e+23,121.0
-2.5871064919506608e+23,6.3302787076776775e+22,-1.9540786211828927e+23,121.5
-2.5871834695118554e+23,6.330663593226901e+22,-1.954117110189165e+23,122.0
-2.587261117075414e+23,6.331051828547516e+22,-1.9541559342206615e+23,122.5
-2.587339437069746e+23,6.33144342577506e+22,-1.95419509449224e+23,123.0
-2.5874184322976046e+23,6.331838398915897e+22,-1.9542345924060145e+23,123.5
-2.587498105935393e+23,6.3322367638437204e+22,-1.95427442955102e+23,124.0
-2.5875784615320883e+23,6.332638538294023e+22,-1.954314607702686e+23,124.5
-2.5876595030075683e+23,6.333043741855603e+22,-1.954355128822008e+23,125.0
-2.5877412346501418e+23,6.333452395958141e+22,-1.9543959950543274e+23,125.5
-2.5878236611131226e+23,6.33386452385494e+22,-1.9544372087276282e+23,126.0
-2.587906787410242e+23,6.334280150599859e+22,-1.954478772350256e+23,126.5
-2.5879906189097255e+23,6.3346993030175996e+22,-1.9545206886079655e+23,127.0
-2.5880751613268477e+23,6.335122009666361e+22,-1.9545629603602116e+23,127.5
-2.5881604207147724e+23,6.335548300791901e+22,-1.9546055906355822e+23,128.0
-2.5882464034534786e+23,6.335978208272046e+22,-1.954648582626274e+23,128.5
-2.588333116236563e+23,6.336411765550564e+22,-1.9546919396815063e+23,129.0
-2.588420566055693e+23,6.336849007559275e+22,-1.954735665299765e+23,129.5
-2.5885087601824666e+23,6.337289970627215e+22,-1.9547797631197448e+23,130.0
-2.588597706147428e+23,6.337734692375502e+22,-1.954824236909878e+23,130.5
-2.5886874117159205e+23,6.3381832115964455e+22,-1.954869090556276e+23,131.0
-2.5887778848604716e+23,6.338635568115243e+22,-1.9549143280489466e+23,131.5
-2.588869133729335e+23,6.3390918026325045e+22,-1.954959953466084e+23,132.0
-2.5889611666107866e+23,6.339551956545444e+22,-1.9550059709562426e+23,132.5
-2.5890539918927104e+23,6.340016071745571e+22,-1.9550523847181533e+23,133.0
-2.5891476180169688e+23,6.340484190390268e+22,-1.9550991989779416e+23,133.5
-2.589242053428005e+23,6.34095635464548e+22,-1.955146417963456e+23,134.0
-2.589337306515044e+23,6.3414326063963985e+22,-1.955194045875404e+23,134.5
-2.589433385547231e+23,6.3419129869228206e+22,-1.9552420868549487e+23,135.0
-2.589530298600971e+23,6.342397536535505e+22,-1.9552905449474196e+23,135.5
-2.5896280534786955e+23,6.3428862941696126e+22,-1.9553394240617342e+23,136.0
-2.5897266576182163e+23,6.343379296931129e+22,-1.9553887279251035e+23,136.5
-2.589826117991799e+23,6.3438765795918616e+22,-1.9554384600326127e+23,137.0
-2.5899264409940453e+23,6.344378174028483e+22,-1.955488623591197e+23,137.5
-2.5900276323176445e+23,6.34488410860094e+22,-1.95553922145755e+23,138.0
-2.590129696816048e+23,6.345394407465518e+22,-1.955590256069496e+23,138.5
-2.5902326383521085e+23,6.345909089817725e+22,-1.955641729370336e+23,139.0
-2.5903364596317266e+23,6.34642816906027e+22,-1.9556936427256998e+23,139.5
-2.5904411620215527e+23,6.346951651891343e+22,-1.9557459968324188e+23,140.0
-2.5905467453497952e+23,6.347479537308463e+22,-1.955798791618948e+23,140.5
-2.5906532076891557e+23,6.348011815522994e+22,-1.955852026136856e+23,141.0
-2.590760545120908e+23,6.348548466780348e+22,-1.9559056984428733e+23,141.5
-2.5908687514790203e+23,6.349089460080512e+22,-1.9559598054709687e+23,142.0
-2.590977818073251e+23,6.3496347517933945e+22,-1.9560143428939107e+23,142.5
-2.591087733390022e+23,6.35018428416328e+22,-1.9560693049736943e+23,143.0
-2.5911984827700487e+23,6.3507379836970666e+22,-1.9561246844003417e+23,143.5
-2.5913100480618044e+23,6.35129575943216e+22,-1.956180472118588e+23,144.0
-2.5914224072504387e+23,6.35185750108191e+22,-1.9562366571422478e+23,144.5
-2.591535534062374e+23,6.3524230770600635e+22,-1.9562932263563677e+23,145.0
-2.5916493975467743e+23,6.352992332390182e+22,-1.956350164307756e+23,145.5
-2.5917639616361735e+23,6.353565086511631e+22,-1.9564074529850107e+23,146.0
-2.5918791846898436e+23,6.3541411309999375e+22,-1.95646507158985e+23,146.5
-2.591995019024752e+23,6.3547202272258905e+22,-1.956522996302162e+23,147.0
-2.592111410440316e+23,6.355302103984349e+22,-1.9565812000418803e+23,147.5
-2.5922282977445026e+23,6.355886455130517e+22,-1.956639652231451e+23,148.0
-2.592345612290197e+23,6.356472937268312e+22,-1.956698318563366e+23,148.5
-2.5924632775322127e+23,6.357061167542739e+22,-1.9567571607779387e+23,149.0
-2.5925812086168943e+23,6.3576507215960066e+22,-1.956816136457293e+23,149.5
-2.5926993120178934e+23,6.3582411317553006e+22,-1.9568751988423633e+23,150.0
-2.592817485233422e+23,6.358831885528681e+22,-1.9569342966805535e+23,150.5
-2.5929356165619607e+23,6.359422424493863e+22,-1.9569933741125736e+23,151.0
-2.5930535849749627e+23,6.360012143672445e+22,-1.957052370607718e+23,151.5
-2.593171260106384e+23,6.360600391488417e+22,-1.9571112209575416e+23,152.0
-2.5932885023797053e+23,6.361186470413924e+22,-1.957169855338313e+23,152.5
-2.5934051632933805e+23,6.361769638406571e+22,-1.9572281994527226e+23,153.0
-2.593521085885095e+23,6.362349111239593e+22,-1.957286174761135e+23,153.5
-2.5936361053937368e+23,6.362924065818799e+22,-1.9573436988118568e+23,154.0
-2.5937500501353446e+23,6.363493644566938e+22,-1.95740068567865e+23,154.5
-2.5938627426053877e+23,6.364056960936609e+22,-1.9574570465117265e+23,155.0
-2.5939740008145392e+23,6.364613106086739e+22,-1.9575126902058647e+23,155.5
-2.5940836398584494e+23,6.365161156724605e+22,-1.957567524185988e+23,156.0
-2.5941914737141752e+23,6.365700184076103e+22,-1.9576214553065653e+23,156.5
-2.5942973172469266e+23,6.366229263902191e+22,-1.9576743908567072e+23,157.0
-2.5944009884009628e+23,6.366747487430657e+22,-1.9577262396578966e+23,157.5
-2.5945023105383864e+23,6.367253973021982e+22,-1.957776913236188e+23,158.0
-2.594601114879521e+23,6.367747878338343e+22,-1.9578263270456866e+23,158.5
-2.5946972429894134e+23,6.368228412739317e+22,-1.957874401715481e+23,159.0
-2.594790549247295e+23,6.368694849589595e+22,-1.9579210642883354e+23,159.5
-2.5948809032302717e+23,6.369146538136716e+22,-1.9579662494166e+23,160.0
-2.5949681919397548e+23,6.3695829146030295e+22,-1.958009900479452e+23,160.5
-2.5950523217995943e+23,6.370003512138725e+22,-1.958051970585721e+23,161.0
-2.595133220358922e+23,6.370407969302767e+22,-1.9580924234286455e+23,161.5
-2.5952108376402357e+23,6.370796036776284e+22,-1.9581312339626073e+23,162.0
-2.5952851470842277e+23,6.371167582067378e+22,-1.9581683888774896e+23,162.5
-2.5953561460565834e+23,6.371522592034605e+22,-1.9582038868531228e+23,163.0
-2.5954238558978387e+23,6.371861173135224e+22,-1.9582377385843166e+23,163.5
-2.5954883215143845e+23,6.372183549388652e+22,-1.9582699665755186e+23,164.0
-2.595549610525833e+23,6.37249005813077e+22,-1.9583006047127554e+23,164.5
-2.5956078120001505e+23,6.372781143715054e+22,-1.9583296976286444e+23,165.0
-2.5956630348222766e+23,6.373057349387728e+22,-1.958357299883504e+23,165.5
-2.5957154057535686e+23,6.373319307621878e+22,-1.95838347499138e+23,166.0
-2.595765067247788e+23,6.37356772923723e+22,-1.958408294324065e+23,166.5
-2.595812175094185e+23,6.37380339165643e+22,-1.9584318359285413e+23,167.0
-2.5958568959595135e+23,6.374027126655191e+22,-1.958454183293994e+23,167.5
-2.595899404898775e+23,6.374239807953648e+22,-1.9584754241034097e+23,168.0
-2.5959398828995122e+23,6.3744423389718504e+22,-1.958495649002327e+23,168.5
-2.5959785145172624e+23,6.374635641036287e+22,-1.9585149504136337e+23,169.0
-2.5960154856508018e+23,6.3748206422802045e+22,-1.9585334214227812e+23,169.5
-2.5960509814959426e+23,6.3749982674310245e+22,-1.9585511547528397e+23,170.0
-2.596085184706313e+23,6.375169428627266e+22,-1.958568241843586e+23,170.5
-2.5961182737795026e+23,6.375335017356991e+22,-1.958584772043804e+23,171.0
-2.596150421677509e+23,6.375495897562997e+22,-1.9586008319212093e+23,171.5
-2.5961817946820012e+23,6.375652899918075e+22,-1.9586165046901933e+23,172.0
-2.5962125514778628e+23,6.37580681723817e+22,-1.9586318697540452e+23,172.5
-2.5962428424527448e+23,6.3759584009731395e+22,-1.958647002355431e+23,173.0
-2.5962728091962922e+23,6.376108358693943e+22,-1.9586619733268976e+23,173.5
-2.5963025841799185e+23,6.376257352481557e+22,-1.958676848931763e+23,174.0
-2.5963322905966824e+23,6.376405998115765e+22,-1.9586916907851057e+23,174.5
-2.596362042340377e+23,6.37655486495997e+22,-1.9587065558443795e+23,175.0
-2.596391944103427e+23,6.3767044764402306e+22,-1.9587214964594047e+23,175.5
-2.5964220915741027e+23,6.376855311021298e+22,-1.958736560471973e+23,176.0
-2.5964525717148143e+23,6.3770078035886974e+22,-1.958751791355945e+23,176.5
-2.5964834631047444e+23,6.377162347153036e+22,-1.9587672283894412e+23,177.0
-2.5965148363315368e+23,6.37731929480041e+22,-1.9587829068514956e+23,177.5
-2.5965467544184153e+23,6.377478961820696e+22,-1.958798858236345e+23,178.0
-2.5965792732746823e+23,6.377641627953526e+22,-1.9588151104793292e+23,178.5
-2.5966124421591716e+23,6.37780753969985e+22,-1.9588316881891863e+23,179.0
-2.596646304147789e+23,6.3779769126547135e+22,-1.958848612882317e+23,179.5
-2.596680896597789e+23,6.3781499338244825e+22,-1.95886590321534e+23,180.0
-2.5967162516028426e+23,6.378326763898681e+22,-1.958883575212974e+23,180.5
-2.5967523964341828e+23,6.378507539452911e+22,-1.9589016424888908e+23,181.0
-2.5967893539643116e+23,6.378692375065104e+22,-1.958920116457801e+23,181.5
-2.5968271430706805e+23,6.378881365332137e+22,-1.9589390065374664e+23,182.0
-2.5968657790176104e+23,6.3790745867781195e+22,-1.9589583203397977e+23,182.5
-2.5969052738154278e+23,6.379272099649061e+22,-1.958978063850521e+23,183.0
-2.596945636556347e+23,6.379473949591629e+22,-1.958998241597183e+23,183.5
-2.5969868737270922e+23,6.3796801692158485e+22,-1.9590188568055074e+23,184.0
-2.597028989498626e+23,6.379890779543475e+22,-1.9590399115442783e+23,184.5
-2.597071985993584e+23,6.38010579134519e+22,-1.9590614068590647e+23,185.0
-2.597115863532275e+23,6.380325206370624e+22,-1.9590833428952127e+23,185.5
-2.5971606208582006e+23,6.380549018476163e+22,-1.9591057190105837e+23,186.0
-2.597206255344163e+23,6.380777214655739e+22,-1.9591285338785884e+23,186.5
-2.5972527631800847e+23,6.381009775980239e+22,-1.959151785582061e+23,187.0
-2.5973001395436792e+23,6.381246678451217e+22,-1.9591754716985574e+23,187.5
-2.5973483787551255e+23,6.3814878937746455e+22,-1.959199589377661e+23,188.0
-2.5973974744168684e+23,6.381733390060305e+22,-1.9592241354108383e+23,188.5
-2.5974474195396436e+23,6.381983132452333e+22,-1.9592491062944097e+23,189.0
-2.5974982066557905e+23,6.382237083696176e+22,-1.959274498286173e+23,189.5
-2.597549827920863e+23,6.3824952046470465e+22,-1.9593003074561578e+23,190.0
-2.597602275204504e+23,6.382757454724712e+22,-1.9593265297320326e+23,190.5
-2.597655540171504e+23,6.383023792319131e+22,-1.95935316093959e+23,191.0
-2.5977096143538903e+23,6.383294175151316e+22,-1.9593801968387585e+23,191.5
-2.5977644892148764e+23,6.383568560593401e+22,-1.9594076331555365e+23,192.0
-2.597820156205408e+23,6.383846905951731e+22,-1.959435465610234e+23,192.5
-2.5978766068140284e+23,6.384129168716524e+22,-1.959463689942375e+23,193.0
-2.5979338326107204e+23,6.384415306781384e+22,-1.959492301932582e+23,193.5
-2.5979918252853414e+23,6.384705278635771e+22,-1.9595212974217636e+23,194.0
-2.5980505766812328e+23,6.38499904353337e+22,-1.959550672327896e+23,194.5
-2.5981100788245715e+23,6.385296561639112e+22,-1.9595804226606603e+23,195.0
-2.5981703239499806e+23,6.385597794157526e+22,-1.9596105445342278e+23,195.5
-2.5982313045229403e+23,6.385902703445048e+22,-1.9596410341784354e+23,196.0
-2.598293013259494e+23,6.386211253108872e+22,-1.959671887948607e+23,196.5
-2.598355443143793e+23,6.386523408094893e+22,-1.9597031023343045e+23,197.0
-2.5984185874439567e+23,6.386839134767297e+22,-1.9597346739672272e+23,197.5
-2.598482439726756e+23,6.38715840098218e+22,-1.9597665996285375e+23,198.0
-2.598546993871543e+23,6.3874811761573835e+22,-1.9597988762558042e+23,198.5
-2.5986122440837863e+23,6.387807431340254e+22,-1.95983150094976e+23,199.0
-2.5986781849084098e+23,6.38813713927436e+22,-1.9598644709809736e+23,199.5
-2.598744811242984e+23,6.388470274465318e+22,-1.9598977837964514e+23,200.0
-2.5988121183505672e+23,6.388806813244832e+22,-1.959931437026084e+23,200.5
-2.5988801018718285e+23,6.389146733830998e+22,-1.959965428488729e+23,201.0
-2.5989487578358837e+23,6.389490016382221e+22,-1.959999756197661e+23,201.5
-2.59901808266925e+23,6.3898366430417196e+22,-1.9600344183650782e+23,202.0
-2.5990880732023695e+23,6.390186597969996e+22,-1.96006941340537e+23,202.5
-2.5991587266733527e+23,6.390539867363574e+22,-1.9601047399369955e+23,203.0
-2.5992300407288904e+23,6.3908964394597226e+22,-1.9601403967829177e+23,203.5
-2.5993020134225975e+23,6.391256304528484e+22,-1.9601763829697496e+23,204.0
-2.5993746432113174e+23,6.391619454854578e+22,-1.9602126977258593e+23,204.5
-2.5994479289500843e+23,6.391985884712641e+22,-1.9602493404788197e+23,205.0
-2.599521869886495e+23,6.392355590339412e+22,-1.9602863108525532e+23,205.5
-2.599596465655129e+23,6.392728569906099e+22,-1.9603236086645194e+23,206.0
-2.599671716272509e+23,6.393104823493371e+22,-1.9603612339231718e+23,206.5
-2.59974762213291e+23,6.39348435307045e+22,-1.9603991868258646e+23,207.0
-2.5998241840051128e+23,6.393867162478882e+22,-1.960437467757225e+23,207.5
-2.5999014030300697e+23,6.394253257420766e+22,-1.9604760772879927e+23,208.0
-2.5999792807193352e+23,6.3946426454508376e+22,-1.9605150161742517e+23,208.5
-2.6000578189540634e+23,6.395035335971314e+22,-1.960554285356932e+23,209.0
-2.60013701998437e+23,6.395431340228605e+22,-1.960593885961509e+23,209.5
-2.6002168864288283e+23,6.3958306713107046e+22,-1.9606338192977574e+23,210.0
-2.6002974212739497e+23,6.396233344144444e+22,-1.9606740868595043e+23,210.5
-2.6003786278734467e+23,6.396639375491781e+22,-1.9607146903242685e+23,211.0
-2.600460509947179e+23,6.3970487839444045e+22,-1.960755631552739e+23,211.5
-2.600543071579641e+23,6.397461589916128e+22,-1.9607969125880278e+23,212.0
-2.6006263172178996e+23,6.397877815632501e+22,-1.960838535654649e+23,212.5
-2.6007102516688833e+23,6.398297485117184e+22,-1.9608805031571648e+23,213.0
-2.6007948800959236e+23,6.398720624174576e+22,-1.960922817678466e+23,213.5
-2.6008802080144378e+23,6.399147260368157e+22,-1.960965481977622e+23,214.0
-2.600966241286645e+23,6.399577422993976e+22,-1.9610084989872473e+23,214.5
-2.60105298611518e+23,6.400011143048603e+22,-1.961051871810319e+23,215.0
-2.6011404490354322e+23,6.400448453190759e+22,-1.961095603716356e+23,215.5
-2.6012286369064565e+23,6.400889387695678e+22,-1.9611396981368885e+23,216.0
-2.60131755690021e+23,6.401333982401211e+22,-1.961184158660089e+23,216.5
-2.601407216488903e+23,6.401782274644374e+22,-1.961228989024465e+23,217.0
-2.6014976234301584e+23,6.402234303187013e+22,-1.961274193111457e+23,217.5
-2.601588785749701e+23,6.402690108129042e+22,-1.961319774936797e+23,218.0
-2.6016807117212046e+23,6.4031497308074616e+22,-1.961365738640458e+23,218.5
-2.6017734098429342e+23,6.4036132136793745e+22,-1.961412088474996e+23,219.0
-2.601866888810782e+23,6.404080600186933e+22,-1.9614588287920886e+23,219.5
-2.6019611574872534e+23,6.404551934601998e+22,-1.9615059640270537e+23,220.0
-2.6020562248659376e+23,6.405027261848275e+22,-1.96155349868111e+23,220.5
-2.6021521000309848e+23,6.405506627298408e+22,-1.9616014373011434e+23,221.0
-2.6022487921110594e+23,6.405990076543491e+22,-1.9616497844567102e+23,221.5
-2.6023463102272358e+23,6.406477655132234e+22,-1.9616985447140122e+23,222.0
-2.6024446634342416e+23,6.4069694082769085e+22,-1.9617477226065507e+23,222.5
-2.60254386065445e+23,6.407465380523003e+22,-1.9617973226021494e+23,223.0
-2.6026439106039706e+23,6.407965615379339e+22,-1.961847349066036e+23,223.5
-2.6027448217101383e+23,6.408470154905231e+22,-1.9618978062196153e+23,224.0
-2.6028466020196847e+23,6.408979039250976e+22,-1.9619486980945873e+23,224.5
-2.6029492590968074e+23,6.40949230614788e+22,-1.9620000284820188e+23,225.0
-2.6030527999103248e+23,6.410009990343692e+22,-1.9620518008759547e+23,225.5
-2.6031572307090526e+23,6.41053212297913e+22,-1.9621040184111392e+23,226.0
-2.6032625568844857e+23,6.411058730900938e+22,-1.962156683794392e+23,226.5
-2.6033687828198124e+23,6.4115898359065856e+22,-1.962209799229154e+23,227.0
-2.60347591172421e+23,6.412125453915392e+22,-1.9622633663326707e+23,227.5
-2.6035839454513134e+23,6.412665594060478e+22,-1.9623173860452658e+23,228.0
-2.6036928843006305e+23,6.4132102576954665e+22,-1.9623718585310832e+23,228.5
-2.6038027268006096e+23,6.413759437309496e+22,-1.9624267830696596e+23,229.0
-2.603913469472014e+23,6.414313115343737e+22,-1.96248215793764e+23,229.5
-2.604025106570198e+23,6.414871262902636e+22,-1.9625379802799344e+23,230.0
-2.604137629805012e+23,6.415433838353346e+22,-1.9625942459696775e+23,230.5
-2.6042510280371766e+23,6.416000785807834e+22,-1.962650949456393e+23,231.0
-2.604365286950338e+23,6.416572033483631e+22,-1.9627080836019742e+23,231.5
-2.6044803886984357e+23,6.417147491941581e+22,-1.9627656395042773e+23,232.0
-2.6045963115286453e+23,6.417727052201843e+22,-1.9628236063084607e+23,232.5
-2.6047130293808445e+23,6.418310583743023e+22,-1.9628819710065424e+23,233.0
-2.604830511465378e+23,6.418897932393337e+22,-1.962940718226044e+23,233.5
-2.604948721821785e+23,6.419488918127059e+22,-1.962999830009079e+23,234.0
-2.6050676188620798e+23,6.420083332784427e+22,-1.963059285583637e+23,234.5
-2.6051871549032677e+23,6.420680937738303e+22,-1.963119061129437e+23,235.0
-2.60530727569489e+23,6.421281461536673e+22,-1.963179129541222e+23,235.5
-2.6054279199486996e+23,6.4218845975565744e+22,-1.963239460193041e+23,236.0
-2.6055490188789776e+23,6.422490001712044e+22,-1.9633000187077727e+23,236.5
-2.6056704957636074e+23,6.4230972902666825e+22,-1.9633607667369386e+23,237.0
-2.6057922655376908e+23,6.423706037809835e+22,-1.963421661756707e+23,237.5
-2.605914234433331e+23,6.424315775464381e+22,-1.9634826568868928e+23,238.0
-2.606036299680964e+23,6.424925989403135e+22,-1.9635437007406497e+23,238.5
-2.6061583492894347e+23,6.425536119759529e+22,-1.963604737313482e+23,239.0
-2.60628026192355e+23,6.426145560026139e+22,-1.9636657059209363e+23,239.5
-2.606401906899122e+23,6.426753657040847e+22,-1.9637265411950366e+23,240.0
-2.606523144316352e+23,6.42735971166447e+22,-1.9637871731499045e+23,240.5
-2.6066438253525966e+23,6.427962980254631e+22,-1.9638475273271327e+23,241.0
-2.6067637927349442e+23,6.428562677037498e+22,-1.9639075250311945e+23,241.5
-2.6068828814114963e+23,6.4291579774711955e+22,-1.9639670836643768e+23,242.0
-2.6070009194375007e+23,6.42974802268106e+22,-1.9640261171693947e+23,242.5
-2.6071177290885743e+23,6.430331925027033e+22,-1.9640845365858708e+23,243.0
-2.6072331282078738e+23,6.4309087748369955e+22,-1.964142250724174e+23,243.5
-2.6073469317874425e+23,6.431477648306414e+22,-1.9641991669568006e+23,244.0
-2.6074589537759754e+23,6.432037616525042e+22,-1.9642551921234708e+23,244.5
-2.6075690090962163e+23,6.43258775554635e+22,-1.9643102335415814e+23,245.0
-2.6076769158453242e+23,6.433127157366368e+22,-1.9643642001086868e+23,245.5
-2.6077824976414244e+23,6.433654941628057e+22,-1.9644170034786177e+23,246.0
-2.6078855860694983e+23,6.434170267817631e+22,-1.9644685592877353e+23,246.5
-2.6079860231706722e+23,6.434672347673959e+22,-1.9645187884032766e+23,247.0
-2.6080836639112784e+23,6.435160457494171e+22,-1.964567618161861e+23,247.5
-2.608178378562658e+23,6.435633949991818e+22,-1.9646149835634757e+23,248.0
-2.6082700549199813e+23,6.436092265350853e+22,-1.9646608283848962e+23,248.5
-2.608358600289071e+23,6.436534941122179e+22,-1.964705106176853e+23,249.0
-2.6084439431743436e+23,6.436961620630329e+22,-1.964747781111311e+23,249.5
-2.608526034608813e+23,6.437372059596736e+22,-1.9647888286491392e+23,250.0
-2.6086048490781828e+23,6.4377661307412875e+22,-1.964828236004054e+23,250.5
-2.608680385005012e+23,6.438143826193116e+22,-1.9648660023857004e+23,251.0
-2.6087526647749068e+23,6.438505257621007e+22,-1.964902139012806e+23,251.5
-2.60882173430378e+23,6.438850654078672e+22,-1.9649366688959127e+23,252.0
-2.608887662162372e+23,6.4391803576453064e+22,-1.964969626397841e+23,252.5
-2.6089505382903727e+23,6.439494817022106e+22,-1.965001056588162e+23,253.0
-2.6090104723466947e+23,6.439794579316021e+22,-1.9650310144150924e+23,253.5
-2.609067591753883e+23,6.440080280298969e+22,-1.965059563723986e+23,254.0
-2.609122039502855e+23,6.440352633471455e+22,-1.9650867761557092e+23,254.5
-2.6091739717887325e+23,6.440612418282592e+22,-1.965112729960473e+23,255.0
-2.6092235555495816e+23,6.440860467863732e+22,-1.9651375087632084e+23,255.5
-2.6092709659775825e+23,6.441097656621741e+22,-1.965161200315408e+23,256.0
-2.6093163840670012e+23,6.441324888012454e+22,-1.965183895265756e+23,256.5
-2.609359994255856e+23,6.441543082777964e+22,-1.9652056859780593e+23,257.0
-2.6094019822091793e+23,6.4417531678865414e+22,-1.965226665420525e+23,257.5
-2.609442532781784e+23,6.4419560663645665e+22,-1.9652469261453268e+23,258.0
-2.6094818281881998e+23,6.44215268815893e+22,-1.965266559372306e+23,258.5
-2.6095200463975562e+23,6.442343922118965e+22,-1.9652856541856592e+23,259.0
-2.6095573597619462e+23,6.442530629141267e+22,-1.96530429684782e+23,259.5
-2.609593933878748e+23,6.442713636480298e+22,-1.9653225702307177e+23,260.0
-2.6096299266805315e+23,6.442893733193699e+22,-1.9653405533611616e+23,260.5
-2.6096654877407812e+23,6.443071666664103e+22,-1.9653583210743707e+23,261.0
-2.6097007577795633e+23,6.443248140118802e+22,-1.9653759437676832e+23,261.5
-2.6097358683505143e+23,6.443423811054814e+22,-1.965393487245033e+23,262.0
-2.609770941688896e+23,6.44359929046854e+22,-1.9654110126420412e+23,262.5
-2.6098060906997915e+23,6.4437751427858795e+22,-1.965428576421203e+23,263.0
-2.6098414190656633e+23,6.443951886389282e+22,-1.9654462304267352e+23,263.5
-2.609877021453251e+23,6.444129994641856e+22,-1.9654640219890652e+23,264.0
-2.6099129838009622e+23,6.444309897314573e+22,-1.9654819940695045e+23,264.5
-2.6099493836694533e+23,6.4444919823301375e+22,-1.965500185436439e+23,265.0
-2.609986290639768e+23,6.444676597745492e+22,-1.9655186308652188e+23,265.5
-2.6100237667452023e+23,6.444864053903788e+22,-1.9655373613548232e+23,266.0
-2.6100618669248564e+23,6.445054625695719e+22,-1.965556404355284e+23,266.5
-2.6101006394886005e+23,6.445248554878697e+22,-1.9655757840007303e+23,267.0
-2.610140126584814e+23,6.445446052410789e+22,-1.965595521343735e+23,267.5
-2.610180364663817e+23,6.445647300763821e+22,-1.9656156345874346e+23,268.0
-2.6102213849313072e+23,6.4458524561872005e+22,-1.9656361393125865e+23,268.5
-2.61026321378734e+23,6.446061650900097e+22,-1.9656570486973306e+23,269.0
-2.610305873247501e+23,6.446274995195121e+22,-1.9656783737279887e+23,269.5
-2.6103493813438554e+23,6.446492579441359e+22,-1.9657001233997192e+23,270.0
-2.610393752504057e+23,6.446714475978642e+22,-1.9657223049061928e+23,270.5
-2.6104389979076737e+23,6.446940740898241e+22,-1.9657449238178497e+23,271.0
-2.6104851258193426e+23,6.447171415708007e+22,-1.965767984248542e+23,271.5
-2.6105321418988086e+23,6.4474065288822046e+22,-1.9657914890105876e+23,272.0
-2.6105800494882762e+23,6.447646097298085e+22,-1.9658154397584678e+23,272.5
-2.610628849877766e+23,6.447890127562644e+22,-1.965839837121501e+23,273.0
-2.610678542549368e+23,6.448138617234062e+22,-1.9658646808259614e+23,273.5
-2.610729125401466e+23,6.4483915559430326e+22,-1.9658899698071625e+23,274.0
-2.6107805949540717e+23,6.44864892641971e+22,-1.9659157023121006e+23,274.5
-2.6108329465364472e+23,6.448910705432207e+22,-1.965941875993227e+23,275.0
-2.610886174458238e+23,6.449176864642596e+22,-1.9659684879939792e+23,275.5
-2.6109402721652546e+23,6.44944737138621e+22,-1.965995535026634e+23,276.0
-2.6109952323810073e+23,6.449722189379654e+22,-1.9660230134430412e+23,276.5
-2.6110510472349926e+23,6.450001279362586e+22,-1.966050919298734e+23,277.0
-2.611107708378636e+23,6.450284599677692e+22,-1.9660792484108668e+23,277.5
-2.6111652070896707e+23,6.450572106792899e+22,-1.9661079964103806e+23,278.0
-2.6112235343656842e+23,6.4508637557693285e+22,-1.9661371587887518e+23,278.5
-2.6112826810074727e+23,6.451159500678341e+22,-1.966166730939639e+23,279.0
-2.6113426376928405e+23,6.451459294970817e+22,-1.9661967081957595e+23,279.5
-2.6114033950415103e+23,6.451763091801987e+22,-1.9662270858613113e+23,280.0
-2.611464943671822e+23,6.4520708443153e+22,-1.9662578592402922e+23,280.5
-2.6115272742500164e+23,6.452382505889188e+22,-1.966289023661097e+23,281.0
-2.611590377532872e+23,6.452698030350678e+22,-1.966320574497804e+23,281.5
-2.611654244404581e+23,6.453017372160149e+22,-1.966352507188566e+23,282.0
-2.6117188659086664e+23,6.4533404865713356e+22,-1.9663848172515327e+23,282.5
-2.6117842332757506e+23,6.45366732977053e+22,-1.966417500298698e+23,283.0
-2.6118503379478877e+23,6.453997858998572e+22,-1.9664505520480306e+23,283.5
-2.611917171600071e+23,6.454332032658688e+22,-1.9664839683342024e+23,284.0
-2.611984726159444e+23,6.454669810412734e+22,-1.9665177451181703e+23,284.5
-2.612052993822594e+23,6.455011153267902e+22,-1.9665518784958036e+23,285.0
-2.6121219670712573e+23,6.455356023655368e+22,-1.96658636470572e+23,285.5
-2.6121916386866525e+23,6.455704385502075e+22,-1.966621200136445e+23,286.0
-2.6122620017625944e+23,6.456056204296397e+22,-1.9666563813329552e+23,286.5
-2.6123330497174925e+23,6.456411447148182e+22,-1.966691905002674e+23,287.0
-2.6124047763052867e+23,6.456770082843501e+22,-1.9667277680209362e+23,287.5
-2.6124771756253568e+23,6.457132081894201e+22,-1.966763967435937e+23,288.0
-2.612550242131391e+23,6.4574974165823034e+22,-1.9668005004731603e+23,288.5
-2.61262397063922e+23,6.457866060999191e+22,-1.966837364539301e+23,289.0
-2.6126983563336056e+23,6.458237991079539e+22,-1.9668745572256515e+23,289.5
-2.612773394773955e+23,6.458613184629992e+22,-1.966912076310956e+23,290.0
-2.6128490818990087e+23,6.458991621352575e+22,-1.966949919763751e+23,290.5
-2.612925414030501e+23,6.4593732828630855e+22,-1.9669880857441927e+23,291.0
-2.6130023878758683e+23,6.459758152704659e+22,-1.967026572605402e+23,291.5
-2.6130800005300742e+23,6.460146216356977e+22,-1.9670653788943765e+23,292.0
-2.6131582494766645e+23,6.4605374612416034e+22,-1.9671045033525037e+23,292.5
-2.6132371325881582e+23,6.460931876723992e+22,-1.967143944915759e+23,293.0
-2.6133166481258996e+23,6.461329454112812e+22,-1.9671837027146177e+23,293.5
-2.6133967947394855e+23,6.461730186657134e+22,-1.967223776073772e+23,294.0
-2.613477571465878e+23,6.462134069542033e+22,-1.9672641645116745e+23,294.5
-2.613558977728281e+23,6.462541099882991e+22,-1.967304867739982e+23,295.0
-2.61364101333485e+23,6.462951276719462e+22,-1.9673458856629034e+23,295.5
-2.613723678477269e+23,6.463364601007766e+22,-1.967387218376492e+23,296.0
-2.6138069737292124e+23,6.463781075613373e+22,-1.9674288661678748e+23,296.5
-2.6138909000446808e+23,6.46420070530258e+22,-1.9674708295144238e+23,297.0
-2.613975458756185e+23,6.464623496733366e+22,-1.9675131090828483e+23,297.5
-2.614060651572725e+23,6.465049458445298e+22,-1.9675557057281945e+23,298.0
-2.61414648057752e+23,6.4654786008481194e+22,-1.9675986204927085e+23,298.5
-2.6142329482254235e+23,6.465910936208759e+22,-1.9676418546045475e+23,299.0
-2.6143200573399327e+23,6.46634647863638e+22,-1.9676854094762945e+23,299.5
-2.6144078111097513e+23,6.466785244065103e+22,-1.9677292867032408e+23,300.0
-2.6144962130848098e+23,6.467227250234096e+22,-1.9677734880613998e+23,300.5
-2.6145852671716928e+23,6.467672516664665e+22,-1.9678180155052264e+23,301.0
-2.6146749776284173e+23,6.4681210646341e+22,-1.967862871165007e+23,301.5
-2.614765349058512e+23,6.46857291714605e+22,-1.967908057343907e+23,302.0
-2.61485638640437e+23,6.469028098897271e+22,-1.9679535765146428e+23,302.5
-2.6149480949398604e+23,6.4694866362406235e+22,-1.967999431315798e+23,303.0
-2.615040480262163e+23,6.469948557144268e+22,-1.9680456245477355e+23,303.5
-2.6151335482828184e+23,6.4704138911468145e+22,-1.9680921591681368e+23,304.0
-2.6152273052179214e+23,6.470882669308233e+22,-1.9681390382870976e+23,304.5
-2.6153217575773275e+23,6.471354924155743e+22,-1.9681862651617532e+23,305.0
-2.6154169121526616e+23,6.471830689623661e+22,-1.9682338431902955e+23,305.5
-2.6155127760037562e+23,6.4723100009852765e+22,-1.9682817759052282e+23,306.0
-2.6156093564429867e+23,6.472792894774175e+22,-1.9683300669655686e+23,306.5
-2.615706661016814e+23,6.473279408691488e+22,-1.968378720147664e+23,307.0
-2.6158046974836766e+23,6.473769581494827e+22,-1.9684277393341942e+23,307.5
-2.615903473787285e+23,6.474263452864246e+22,-1.9684771285008603e+23,308.0
-2.616002998024359e+23,6.474761063240465e+22,-1.9685268917003125e+23,308.5
-2.616103278405951e+23,6.475262453631084e+22,-1.968577033042843e+23,309.0
-2.6162043232116383e+23,6.475767665381257e+22,-1.9686275566735127e+23,309.5
-2.6163061407360743e+23,6.476276739906283e+22,-1.968678466745446e+23,310.0
-2.6164087392275966e+23,6.476789718384525e+22,-1.9687297673891436e+23,310.5
-2.616512126818683e+23,6.477306641409661e+22,-1.9687814626777164e+23,311.0
-2.6166163114481117e+23,6.477827548601374e+22,-1.968833556587974e+23,311.5
-2.6167213007745865e+23,6.478352478173381e+22,-1.9688860529572486e+23,312.0
-2.6168271020814586e+23,6.478881466456833e+22,-1.9689389554357753e+23,312.5
-2.6169337221719694e+23,6.479414547376229e+22,-1.9689922674343468e+23,313.0
-2.6170411672542276e+23,6.479951751873981e+22,-1.96904599206683e+23,313.5
-2.6171494428149548e+23,6.4804931072786744e+22,-1.969100132087087e+23,314.0
-2.6172585534808485e+23,6.4810386366114795e+22,-1.9691546898197005e+23,314.5
-2.617368502866341e+23,6.48158835782446e+22,-1.9692096670838948e+23,315.0
-2.6174792934064154e+23,6.482142282964226e+22,-1.9692650651099926e+23,315.5
-2.6175909261731612e+23,6.482700417254294e+22,-1.969320884447732e+23,316.0
-2.6177034006747153e+23,6.483262758089458e+22,-1.9693771248657692e+23,316.5
-2.6178167146353076e+23,6.4838292939357486e+22,-1.969433785241733e+23,317.0
-2.6179308637551875e+23,6.484400003129913e+22,-1.969490863442196e+23,317.5
-2.618045841449324e+23,6.484974852572889e+22,-1.9695483561920348e+23,318.0
-2.618161638563933e+23,6.485553796312609e+22,-1.969606258932672e+23,318.5
-2.6182782430700916e+23,6.486136774012378e+22,-1.9696645656688533e+23,319.0
-2.6183956397339588e+23,6.486723709302638e+22,-1.9697232688036953e+23,319.5
-2.6185138097635174e+23,6.487314508015497e+22,-1.9697823589619676e+23,320.0
-2.6186327304321296e+23,6.487909056303819e+22,-1.9698418248017483e+23,320.5
-2.6187523746798112e+23,6.488507218649205e+22,-1.9699016528148905e+23,321.0
-2.6188727106937388e+23,6.489108835766694e+22,-1.969961827117069e+23,321.5
-2.6189937014703465e+23,6.489713722417895e+22,-1.9700223292285567e+23,322.0
-2.6191153043622515e+23,6.4903216651489375e+22,-1.970083137847357e+23,322.5
-2.6192374706143874e+23,6.490932419975106e+22,-1.970144228616877e+23,323.0
-2.6193601448949273e+23,6.491545710040175e+22,-1.9702055738909097e+23,323.5
-2.6194832648279724e+23,6.4921612232854314e+22,-1.970267142499429e+23,324.0
-2.6196067605365578e+23,6.492778610171085e+22,-1.970328899519449e+23,324.5
-2.619730554206161e+23,6.493397481501113e+22,-1.9703908060560493e+23,325.0
-2.619854559680688e+23,6.494017406411372e+22,-1.9704528190395503e+23,325.5
-2.6199786821047516e+23,6.4946379105900155e+22,-1.9705148910457495e+23,326.0
-2.62010281762787e+23,6.495258474808267e+22,-1.9705769701470428e+23,326.5
-2.62022685318795e+23,6.495878533848258e+22,-1.970638999803124e+23,327.0
-2.6203506663929904e+23,6.496497475922386e+22,-1.970700918800752e+23,327.5
-2.6204741255211468e+23,6.49711464268459e+22,-1.9707626612526878e+23,328.0
-2.6205970896600984e+23,6.497729329937905e+22,-1.9708241566663075e+23,328.5
-2.6207194090067774e+23,6.498340789143141e+22,-1.9708853300924635e+23,329.0
-2.6208409253478896e+23,6.498948229830272e+22,-1.9709461023648625e+23,329.5
-2.6209614727400195e+23,6.499550823005922e+22,-1.9710063904394276e+23,330.0
-2.6210808784053615e+23,6.500147705636455e+22,-1.9710661078417155e+23,330.5
-2.621198963855117e+23,6.500737986266156e+22,-1.9711251652285014e+23,331.0
-2.6213155462472122e+23,6.501320751803122e+22,-1.9711834710668994e+23,331.5
-2.621430439978305e+23,6.501895075472077e+22,-1.9712409324310972e+23,332.0
-2.6215434585020687e+23,6.502460025893476e+22,-1.9712974559127214e+23,332.5
-2.6216544163566625e+23,6.503014677203145e+22,-1.971352948636348e+23,333.0
-2.621763131374442e+23,6.503558120077629e+22,-1.971407319366679e+23,333.5
-2.6218694270367766e+23,6.504089473479702e+22,-1.9714604796888066e+23,334.0
-2.621973134926781e+23,6.504607896888617e+22,-1.971512345237919e+23,334.5
-2.6220740972235406e+23,6.505112602733925e+22,-1.971562836950147e+23,335.0
-2.622172169173709e+23,6.505602868713416e+22,-1.971611882302368e+23,335.5
-2.622267221470797e+23,6.506078049648373e+22,-1.9716594165059597e+23,336.0
-2.6223591424698063e+23,6.506537588516293e+22,-1.9717053836181773e+23,336.5
-2.622447840165563e+23,6.506981026304801e+22,-1.971749737535083e+23,337.0
-2.6225332438674907e+23,6.50740801035244e+22,-1.971792442832247e+23,337.5
-2.6226153055116772e+23,6.507818300882486e+22,-1.9718334754234286e+23,338.0
-2.6226940005626645e+23,6.50821177549345e+22,-1.9718728230133192e+23,338.5
-2.6227693284718052e+23,6.508588431441539e+22,-1.9719104853276513e+23,339.0
-2.6228413126754458e+23,6.508948385631837e+22,-1.9719464741122623e+23,339.5
-2.6229100001335174e+23,6.509291872321161e+22,-1.9719808129014015e+23,340.0
-2.6229754604263748e+23,6.509619238620984e+22,-1.9720135365642766e+23,340.5
-2.6230377844436614e+23,6.509930937968377e+22,-1.9720446906468237e+23,341.0
-2.623097082712929e+23,6.510227521801958e+22,-1.9720743305327332e+23,341.5
-2.6231534834267662e+23,6.510509629734922e+22,-1.972102520453274e+23,342.0
-2.6232071302349633e+23,6.510777978555888e+22,-1.9721293323793747e+23,342.5
-2.623258179872489e+23,6.511033350409516e+22,-1.972154844831538e+23,343.0
-2.623306799694765e+23,6.511276580512603e+22,-1.972179141643505e+23,343.5
-2.6233531651892753e+23,6.511508544749248e+22,-1.9722023107143507e+23,344.0
-2.623397457527237e+23,6.5117301474625e+22,-1.9722244427809866e+23,344.5
-2.6234398612115815e+23,6.5119423097228596e+22,-1.972245630239296e+23,345.0
-2.623480561868493e+23,6.512145958309304e+22,-1.9722659660375624e+23,345.5
-2.6235197442198508e+23,6.512342015589296e+22,-1.9722855426609205e+23,346.0
-2.623557590263752e+23,6.512531390433896e+22,-1.972304451220362e+23,346.5
-2.623594277680523e+23,6.512714970255159e+22,-1.9723227806550065e+23,347.0
-2.623629978472477e+23,6.512893614207778e+22,-1.9723406170516988e+23,347.5
-2.6236648578377095e+23,6.51306814755691e+22,-1.9723580430820183e+23,348.0
-2.6236990732714172e+23,6.513239357180458e+22,-1.972375137553371e+23,348.5
-2.6237327738828653e+23,6.513407988146997e+22,-1.9723919750681654e+23,349.0
-2.623766099912021e+23,6.513574741290161e+22,-1.9724086257830048e+23,349.5
-2.6237991824271087e+23,6.513740271686446e+22,-1.972425155258464e+23,350.0
-2.623832143182676e+23,6.5139051879347905e+22,-1.9724416243891975e+23,350.5
-2.6238650946170846e+23,6.514070052133084e+22,-1.972458089403776e+23,351.0
-2.6238981399684817e+23,6.514235380447182e+22,-1.972474601923764e+23,351.5
-2.623931373489078e+23,6.514401644171861e+22,-1.9724912090718913e+23,352.0
-2.623964880738772e+23,6.514569271189184e+22,-1.9725079536198536e+23,352.5
-2.62399873894077e+23,6.514738647737517e+22,-1.972524874167018e+23,353.0
-2.62403301738353e+23,6.514910120413105e+22,-1.9725420053422197e+23,353.5
-2.6240677778552575e+23,6.515083998335269e+22,-1.9725593780217305e+23,354.0
-2.6241030750990003e+23,6.515260555415456e+22,-1.9725770195574548e+23,354.5
-2.6241389572781526e+23,6.51544003267923e+22,-1.9725949540102296e+23,355.0
-2.6241754664438832e+23,6.515622640598731e+22,-1.97261320238401e+23,355.5
-2.6242126389975513e+23,6.515808561400714e+22,-1.972631782857481e+23,356.0
-2.6242505061425173e+23,6.5159979513223605e+22,-1.972650711010281e+23,356.5
-2.6242890943210328e+23,6.516190942793078e+22,-1.9726700000417252e+23,357.0
-2.624328425632982e+23,6.516387646526044e+22,-1.9726896609803775e+23,357.5
-2.6243685182341167e+23,6.516588153507737e+22,-1.9727097028833433e+23,358.0
-2.6244093867122774e+23,6.516792536877822e+22,-1.9727301330244954e+23,358.5
-2.624451042440725e+23,6.517000853694936e+22,-1.9727509570712316e+23,359.0
-2.624493493908284e+23,6.517213146586807e+22,-1.972772179249603e+23,359.5
-2.6245367470264366e+23,6.517429445285444e+22,-1.972793802497892e+23,360.0
-2.6245808054139155e+23,6.517649768049978e+22,-1.972815828608917e+23,360.5
-2.6246256706596037e+23,6.517874122981269e+22,-1.9728382583614768e+23,361.0
-2.6246713425648462e+23,6.518102509233671e+22,-1.9728610916414792e+23,361.5
-2.624717819366395e+23,6.518334918130068e+22,-1.9728843275533878e+23,362.0
-2.62476509794133e+23,6.518571334186879e+22,-1.972907964522642e+23,362.5
-2.624813173995333e+23,6.518811736055755e+22,-1.9729320003897576e+23,363.0
-2.6248620422355802e+23,6.519056097388368e+22,-1.9729564324967437e+23,363.5
-2.624911696529381e+23,6.51930438762985e+22,-1.9729812577663957e+23,364.0
-2.6249621300494454e+23,6.519556572745199e+22,-1.9730064727749254e+23,364.5
-2.6250133354063463e+23,6.519812615881606e+22,-1.9730320738181858e+23,365.0
-2.6250653047685015e+23,6.520072477968291e+22,-1.973058056971673e+23,365.5
-2.625118029969787e+23,6.5203361182544954e+22,-1.973084418144337e+23,366.0
-2.625171502604865e+23,6.52060349478618e+22,-1.9731111531262465e+23,366.5
-2.6252257141124553e+23,6.5208745648225606e+22,-1.9731382576301996e+23,367.0
-2.6252806558470594e+23,6.521149285195159e+22,-1.9731657273275434e+23,367.5
-2.6253363191400333e+23,6.5214276126137985e+22,-1.9731935578786538e+23,368.0
-2.625392695351262e+23,6.521709503925698e+22,-1.973221744958691e+23,368.5
-2.6254497759128956e+23,6.52199491633499e+22,-1.9732502842793962e+23,369.0
-2.6255075523667085e+23,6.522283807590222e+22,-1.9732791716076866e+23,369.5
-2.6255660163964836e+23,6.522576136146928e+22,-1.9733084027817907e+23,370.0
-2.6256251598566173e+23,6.522871861311153e+22,-1.973337973725502e+23,370.5
-2.6256849747978444e+23,6.523170943368399e+22,-1.9733678804610044e+23,371.0
-2.6257454534906655e+23,6.523473343701003e+22,-1.973398119120565e+23,371.5
-2.62580658844685e+23,6.523779024895762e+22,-1.9734286859572734e+23,372.0
-2.6258683724392e+23,6.524087950842831e+22,-1.9734595773549163e+23,372.5
-2.6259307985196536e+23,6.524400086826294e+22,-1.973490789837024e+23,373.0
-2.6259938600357855e+23,6.52471539960668e+22,-1.973522320075117e+23,373.5
-2.626057550645718e+23,6.5250338574956025e+22,-1.9735541648961585e+23,374.0
-2.626121864331515e+23,6.525355430422717e+22,-1.973586321289243e+23,374.5
-2.62618679541109e+23,6.525680089995378e+22,-1.973618786411552e+23,375.0
-2.6262523385487577e+23,6.5260078095514164e+22,-1.9736515575936158e+23,375.5
-2.6263184887644964e+23,6.526338564205559e+22,-1.9736846323439402e+23,376.0
-2.6263852414420636e+23,6.526672330890046e+22,-1.973718008353059e+23,376.5
-2.6264525923360637e+23,6.527009088390046e+22,-1.9737516834970592e+23,377.0
-2.6265205375780843e+23,6.527348817374422e+22,-1.9737856558406417e+23,377.5
-2.626589073682014e+23,6.527691500422355e+22,-1.9738199236397784e+23,378.0
-2.626658197548622e+23,6.528037122046308e+22,-1.9738544853439906e+23,378.5
-2.6267279064694876e+23,6.52838566871172e+22,-1.9738893395983154e+23,379.0
-2.6267981981303404e+23,6.528737128853738e+22,-1.9739244852449665e+23,379.5
-2.62686907061386e+23,6.529091492891254e+22,-1.9739599213247347e+23,380.0
-2.6269405224019764e+23,6.5294487532384205e+22,-1.973995647078134e+23,380.5
-2.6270125523776848e+23,6.529808904313752e+22,-1.9740316619463093e+23,381.0
-2.6270851598263997e+23,6.5301719425469045e+22,-1.974067965571709e+23,381.5
-2.627158344436852e+23,6.530537866383161e+22,-1.9741045577985362e+23,382.0
-2.627232106301523e+23,6.530906676285614e+22,-1.9741414386729614e+23,382.5
-2.627306445916623e+23,6.531278374735065e+22,-1.974178608443117e+23,383.0
-2.6273813641816064e+23,6.531652966227592e+22,-1.974216067558847e+23,383.5
-2.627456862398227e+23,6.53203045726982e+22,-1.9742538166712443e+23,384.0
-2.627532942269109e+23,6.532410856371789e+22,-1.9742918566319306e+23,384.5
-2.6276096058958652e+23,6.532794174037516e+22,-1.9743301884921135e+23,385.0
-2.627686855776712e+23,6.533180422753088e+22,-1.9743688135014032e+23,385.5
-2.6277646948036195e+23,6.533569616972378e+22,-1.9744077331063813e+23,386.0
-2.6278431262589562e+23,6.533961773100283e+22,-1.974446948948928e+23,386.5
-2.6279221538116412e+23,6.534356909473454e+22,-1.9744864628642954e+23,387.0
-2.628001781512784e+23,6.534755046338523e+22,-1.9745262768789314e+23,387.5
-2.628082013790836e+23,6.535156205827798e+22,-1.9745663932080562e+23,388.0
-2.6281628554462307e+23,6.535560411932537e+22,-1.9746068142529778e+23,388.5
-2.628244311645573e+23,6.535967690473844e+22,-1.9746475425981886e+23,389.0
-2.628326387915396e+23,6.5363780690714925e+22,-1.974688581008247e+23,389.5
-2.6284090901355608e+23,6.536791577110933e+22,-1.974729932424468e+23,390.0
-2.6284924245323625e+23,6.537208245708811e+22,-1.9747715999614808e+23,390.5
-2.628576397671414e+23,6.537628107677403e+22,-1.974813586903674e+23,391.0
-2.628661016450356e+23,6.53805119748806e+22,-1.974855896701549e+23,391.5
-2.6287462880913385e+23,6.538477551233522e+22,-1.974898532967987e+23,392.0
-2.6288322201331464e+23,6.538907206588299e+22,-1.9749414994743164e+23,392.5
-2.6289188204226173e+23,6.539340202765461e+22,-1.974984800146071e+23,393.0
-2.6290060971048403e+23,6.539776580467178e+22,-1.975028439058122e+23,393.5
-2.629094058611362e+23,6.54021638182525e+22,-1.9750724204288364e+23,394.0
-2.629182713645459e+23,6.540659650326897e+22,-1.9751167486127693e+23,394.5
-2.6292720711634336e+23,6.541106430720699e+22,-1.9751614280913632e+23,395.0
-2.629362140350882e+23,6.541556768897492e+22,-1.975206463461133e+23,395.5
-2.6294529305930523e+23,6.542010711741801e+22,-1.9752518594188716e+23,396.0
-2.62954445143862e+23,6.542468306950612e+22,-1.975297620743559e+23,396.5
-2.6296367125565405e+23,6.542929602817523e+22,-1.975343752274788e+23,397.0
-2.629729723685827e+23,6.5433946479817426e+22,-1.9753902588876527e+23,397.5
-2.6298234945783258e+23,6.543863491142008e+22,-1.9754371454641252e+23,398.0
-2.6299180349345415e+23,6.544336180735736e+22,-1.9754844168609675e+23,398.5
-2.6300133543324792e+23,6.544812764583174e+22,-1.9755320778741617e+23,399.0
-2.630109462149295e+23,6.545293289495446e+22,-1.9755801331997508e+23,399.5
-2.630206367475258e+23,6.5457778008441e+22,-1.9756285873908482e+23,400.0
-2.6303040790193468e+23,6.546266342088656e+22,-1.9756774448104814e+23,400.5
-2.630402605005527e+23,6.5467589542575816e+22,-1.9757267095797685e+23,401.0
-2.6305019530586554e+23,6.5472556753772865e+22,-1.975776385520927e+23,401.5
-2.630602130078783e+23,6.547756539843141e+22,-1.9758264760944683e+23,402.0
-2.630703142102621e+23,6.5482615777262945e+22,-1.9758769843299913e+23,402.5
-2.6308049941508456e+23,6.548770814009727e+22,-1.9759279127498727e+23,403.0
-2.630907690059957e+23,6.549284267747128e+22,-1.975979263285244e+23,403.5
-2.6310112322973964e+23,6.549801951138073e+22,-1.9760310371835892e+23,404.0
-2.6311156217586733e+23,6.550323868513392e+22,-1.9760832349073338e+23,404.5
-2.6312208575453043e+23,6.550850015224618e+22,-1.9761358560228422e+23,405.0
-2.63132693672245e+23,6.551380376432072e+22,-1.9761888990792435e+23,405.5
-2.6314338540552427e+23,6.5519149257865325e+22,-1.97624236147659e+23,406.0
-2.6315416017229606e+23,6.552453624000309e+22,-1.97629623932293e+23,406.5
-2.6316501690104008e+23,6.55299641730448e+22,-1.9763505272799527e+23,407.0
-2.6317595419760652e+23,6.5535432357904824e+22,-1.9764052183970176e+23,407.5
-2.6318697030971336e+23,6.554093991635881e+22,-1.976460303933546e+23,408.0
-2.6319806308915885e+23,6.554648577216311e+22,-1.9765157731699573e+23,408.5
-2.632092299518453e+23,6.555206863108296e+22,-1.976571613207623e+23,409.0
-2.632204678357662e+23,6.555768695990786e+22,-1.976627808758583e+23,409.5
-2.6323177315719505e+23,6.5563338964572855e+22,-1.976684341926222e+23,410.0
-2.6324314176540106e+23,6.556902256754925e+22,-1.9767411919785182e+23,410.5
-2.6325456889632582e+23,6.557473538472293e+22,-1.9767983351160293e+23,411.0
-2.632660491257793e+23,6.558047470203982e+22,-1.9768557442373948e+23,411.5
-2.6327757632285265e+23,6.558623745226778e+22,-1.9769133887058487e+23,412.0
-2.632891436044002e+23,6.559202019230179e+22,-1.9769712341209836e+23,412.5
-2.633007432916118e+23,6.559781908152348e+22,-1.977029242100883e+23,413.0
-2.633123668698772e+23,6.560362986181509e+22,-1.977087370080621e+23,413.5
-2.633240049533278e+23,6.560944783992137e+22,-1.9771455711340643e+23,414.0
-2.6333564725562793e+23,6.5615267872943355e+22,-1.977203793826846e+23,414.5
-2.6334728256876256e+23,6.562108435783677e+22,-1.9772619821092574e+23,415.0
-2.6335889875172413e+23,6.562689122586444e+22,-1.9773200752585968e+23,415.5
-2.633704827311278e+23,6.563268194301346e+22,-1.9773780078811425e+23,416.0
-2.6338202051585528e+23,6.563844951742494e+22,-1.9774357099843037e+23,416.5
-2.633934972278462e+23,6.564418651488929e+22,-1.9774931071295694e+23,417.0
-2.6340489715108038e+23,6.564988508342543e+22,-1.9775501206765486e+23,417.5
-2.6341620380063126e+23,6.565553698787589e+22,-1.977606668127553e+23,418.0
-2.6342740001338576e+23,6.566113365530946e+22,-1.9776626635807628e+23,418.5
-2.63438468061613e+23,6.566666623181598e+22,-1.9777180182979707e+23,419.0
-2.6344938979002275e+23,6.567212565100581e+22,-1.9777726413901695e+23,419.5
-2.634601467762645e+23,6.567750271418356e+22,-1.9778264406208097e+23,420.0
-2.6347072051401195e+23,6.568278818176364e+22,-1.9778793233224837e+23,420.5
-2.634810926168544e+23,6.568797287503416e+22,-1.977931197418202e+23,421.0
-2.6349124504022003e+23,6.569304778688173e+22,-1.9779819725333832e+23,421.5
-2.6350116031753064e+23,6.5698004199578635e+22,-1.9780315611795197e+23,422.0
-2.635108218057822e+23,6.570283380723565e+22,-1.9780798799854663e+23,422.5
-2.6352021393483804e+23,6.570752884007269e+22,-1.9781268509476538e+23,423.0
-2.635293224539695e+23,6.571208218728878e+22,-1.9781724026668067e+23,423.5
-2.6353813466866543e+23,6.571648751505697e+22,-1.9782164715360846e+23,424.0
-2.6354663966050388e+23,6.572073937606003e+22,-1.9782590028444377e+23,424.5
-2.6355482848299345e+23,6.572483330703965e+22,-1.9782999517595375e+23,425.0
-2.6356269432676437e+23,6.572876591106842e+22,-1.9783392841569594e+23,425.5
-2.635702326483179e+23,6.5732534921666794e+22,-1.978376977266511e+23,426.0
-2.6357744125770266e+23,6.573613924646249e+22,-1.978413020112402e+23,426.5
-2.6358432036190746e+23,6.57395789887988e+22,-1.9784474137310862e+23,427.0
-2.6359087256237918e+23,6.574285544649962e+22,-1.9784801711587953e+23,427.5
-2.635971028067798e+23,6.574597108784848e+22,-1.9785113171893132e+23,428.0
-2.636030182967959e+23,6.574892950568239e+22,-1.9785408879111353e+23,428.5
-2.6360862835540226e+23,6.575173535128997e+22,-1.9785689300411237e+23,429.0
-2.6361394425836153e+23,6.575439425049062e+22,-1.978595500078709e+23,429.5
-2.6361897903584857e+23,6.5756912704821085e+22,-1.978620663310274e+23,430.0
-2.6362374725086277e+23,6.575929798114162e+22,-1.9786444926972108e+23,430.5
-2.636282647615075e+23,6.576155799318324e+22,-1.9786670676832424e+23,431.0
-2.6363254847429005e+23,6.5763701178593956e+22,-1.9786884729569603e+23,431.5
-2.6363661609533095e+23,6.576573637491365e+22,-1.9787087972041734e+23,432.0
-2.636404858858383e+23,6.5767672697642505e+22,-1.9787281318819573e+23,432.5
-2.636441764274419e+23,6.576951942319213e+22,-1.9787465700424977e+23,433.0
-2.6364770640207532e+23,6.577128587905727e+22,-1.97876420523018e+23,433.5
-2.6365109439009714e+23,6.577298134305261e+22,-1.9787811304704456e+23,434.0
-2.6365435868932944e+23,6.577461495295405e+22,-1.9787974373637544e+23,434.5
-2.636575171567084e+23,6.5776195627395746e+22,-1.9788132152931266e+23,435.0
-2.636605870733377e+23,6.577773199842314e+22,-1.9788285507491452e+23,435.5
-2.6366358503293925e+23,6.577923235570568e+22,-1.9788435267723354e+23,436.0
-2.6366652685302553e+23,6.5780704602078126e+22,-1.9788582225094744e+23,436.5
-2.6366942750758394e+23,6.578215621981305e+22,-1.978872712877708e+23,437.0
-2.6367230107966453e+23,6.578359424682654e+22,-1.9788870683283796e+23,437.5
-2.6367516073198804e+23,6.578502526188161e+22,-1.9789013547010643e+23,438.0
-2.636780186935297e+23,6.578645537777301e+22,-1.9789156331575666e+23,438.5
-2.6368088625997143e+23,6.5787890241443555e+22,-1.978929960185279e+23,439.0
-2.6368377380592915e+23,6.5789335039989474e+22,-1.9789443876593967e+23,439.5
-2.636866908069386e+23,6.579079451154934e+22,-1.9789589629538925e+23,440.0
-2.63689645869309e+23,6.579227296013277e+22,-1.9789737290917618e+23,440.5
-2.6369264676610413e+23,6.5793774273520806e+22,-1.9789887249258332e+23,441.0
-2.6369570047768825e+23,6.579530194345695e+22,-1.9790039853423133e+23,441.5
-2.63698813235455e+23,6.579685908743881e+22,-1.9790195414801615e+23,442.0
-2.6370199056754146e+23,6.57984484715112e+22,-1.979035420960303e+23,442.5
-2.637052373455116e+23,6.580007253355241e+22,-1.9790516481195912e+23,443.0
-2.637085578311584e+23,6.580173340662836e+22,-1.9790682442452997e+23,443.5
-2.637119557227359e+23,6.580343294206923e+22,-1.979085227806666e+23,444.0
-2.6371543420007237e+23,6.5805172731993634e+22,-1.979102614680787e+23,444.5
-2.6371899596814334e+23,6.5806954131069195e+22,-1.979120418370741e+23,445.0
-2.6372264329879536e+23,6.58087782773535e+22,-1.9791386502144186e+23,445.5
-2.637263780704029e+23,6.581064611210722e+22,-1.9791573195829568e+23,446.0
-2.637302018053255e+23,6.581255839851039e+22,-1.9791764340681513e+23,446.5
-2.6373411570509075e+23,6.5814515739246e+22,-1.9791959996584477e+23,447.0
-2.63738120683288e+23,6.581651859294098e+22,-1.97921602090347e+23,447.5
-2.637422173961923e+23,6.581856728947503e+22,-1.979236501067172e+23,448.0
-2.6374640627117305e+23,6.582066204418349e+22,-1.979257442269896e+23,448.5
-2.637506875329621e+23,6.582280297099105e+22,-1.97927884561971e+23,449.0
-2.637550612278702e+23,6.582499009452106e+22,-1.9793007113334908e+23,449.5
-2.637595272460507e+23,6.5827223361228995e+22,-1.9793230388482168e+23,450.0
-2.6376408534191254e+23,6.582950264961081e+22,-1.979345826923017e+23,450.5
-2.6376873515278198e+23,6.583182777953674e+22,-1.9793690737324524e+23,451.0
-2.6377347621591525e+23,6.58341985207599e+22,-1.9793927769515536e+23,451.5
-2.6377830798395465e+23,6.583661460064745e+22,-1.9794169338330726e+23,452.0
-2.6378322983892028e+23,6.583907571117958e+22,-1.9794415412774063e+23,452.5
-2.6378824110482628e+23,6.584158151526101e+22,-1.979466595895652e+23,453.0
-2.6379334105900917e+23,6.584413165238867e+22,-1.979492094066205e+23,453.5
-2.637985289422553e+23,6.584672574371934e+22,-1.9795180319853587e+23,454.0
-2.6380380396781723e+23,6.584936339658209e+22,-1.9795444057123516e+23,454.5
-2.6380916532941145e+23,6.585204420848129e+22,-1.9795712112093008e+23,455.0
-2.6381461220828845e+23,6.58547677706362e+22,-1.9795984443765225e+23,455.5
-2.638201437794697e+23,6.5857533671103644e+22,-1.9796261010836605e+23,456.0
-2.6382575921724025e+23,6.586034149752851e+22,-1.979654177197117e+23,456.5
-2.6383145769998283e+23,6.586319083956473e+22,-1.9796826686041812e+23,457.0
-2.6383723841443373e+23,6.586608129100661e+22,-1.9797115712342714e+23,457.5
-2.6384310055942925e+23,6.586901245166525e+22,-1.9797408810776402e+23,458.0
-2.6384904334920738e+23,6.58719839290221e+22,-1.9797705942018525e+23,458.5
-2.638550660163168e+23,6.587499533968591e+22,-1.9798007067663092e+23,459.0
-2.6386116781418113e+23,6.587804631067693e+22,-1.9798312150350415e+23,459.5
-2.638673480193563e+23,6.588113648055729e+22,-1.9798621153879902e+23,460.0
-2.638736059335151e+23,6.588426550042502e+22,-1.9798934043309007e+23,460.5
-2.6387994088518753e+23,6.588743303478566e+22,-1.9799250785040185e+23,461.0
-2.6388635223128293e+23,6.589063876231474e+22,-1.9799571346896812e+23,461.5
-2.6389283935841564e+23,6.5893882376521725e+22,-1.9799895698189394e+23,462.0
-2.638994016840553e+23,6.5897163586326405e+22,-1.9800223809772888e+23,462.5
-2.6390603865752024e+23,6.590048211655669e+22,-1.980055565409635e+23,463.0
-2.6391274976083192e+23,6.5903837708377e+22,-1.98008912052455e+23,463.5
-2.6391953450944834e+23,6.590723011965568e+22,-1.980123043897927e+23,464.0
-2.6392639245289038e+23,6.591065912527964e+22,-1.9801573332761073e+23,464.5
-2.6393332317528036e+23,6.591412451742443e+22,-1.9801919865785602e+23,465.0
-2.639403262958064e+23,6.591762610578718e+22,-1.9802270019001927e+23,465.5
-2.639474014691278e+23,6.5921163717790625e+22,-1.9802623775133712e+23,466.0
-2.6395454838573866e+23,6.5924737198765415e+22,-1.9802981118697323e+23,466.5
-2.6396176677230108e+23,6.592834641211787e+22,-1.9803342036018322e+23,467.0
-2.639690563919631e+23,6.593199123948945e+22,-1.980370651524736e+23,467.5
-2.6397641704467117e+23,6.593567158091371e+22,-1.980407454637574e+23,468.0
-2.63983848567485e+23,6.593938735497376e+22,-1.9804446121251122e+23,468.5
-2.6399135083489765e+23,6.594313849896286e+22,-1.980482123359348e+23,469.0
-2.6399892375916097e+23,6.594692496904633e+22,-1.9805199879011462e+23,469.5
-2.6400656729060603e+23,6.595074674042169e+22,-1.980558205501843e+23,470.0
-2.6401428141794783e+23,6.595460380746988e+22,-1.9805967761047788e+23,470.5
-2.6402206616855383e+23,6.595849618388855e+22,-1.9806356998466527e+23,471.0
-2.6402992160865603e+23,6.596242390279693e+22,-1.9806749770585908e+23,471.5
-2.6403784784348364e+23,6.596638701680107e+22,-1.9807146082668257e+23,472.0
-2.640458450172983e+23,6.597038559801061e+22,-1.9807545941928766e+23,472.5
-2.640539133133172e+23,6.597441973799983e+22,-1.9807949357531738e+23,473.0
-2.640620529535207e+23,6.597848954771127e+22,-1.9808356340580945e+23,473.5
-2.6407026419834637e+23,6.598259515730301e+22,-1.9808766904104332e+23,474.0
-2.6407854734628292e+23,6.598673671594635e+22,-1.9809181063033657e+23,474.5
-2.640869027333819e+23,6.599091439158226e+22,-1.980959883417996e+23,475.0
-2.640953307327081e+23,6.599512837064739e+22,-1.9810020236206072e+23,475.5
-2.641038317537494e+23,6.599937885777972e+22,-1.9810445289596966e+23,476.0
-2.6411240624180338e+23,6.600366607551203e+22,-1.981087401662913e+23,476.5
-2.641210546773504e+23,6.600799026395877e+22,-1.9811306441339163e+23,477.0
-2.6412977757541856e+23,6.601235168049794e+22,-1.9811742589492063e+23,477.5
-2.641385754849338e+23,6.601675059944564e+22,-1.981218248854881e+23,478.0
-2.6414744898804433e+23,6.6021187311717335e+22,-1.9812626167632703e+23,478.5
-2.64156398699401e+23,6.602566212446638e+22,-1.9813073657493467e+23,479.0
-2.6416542526536657e+23,6.603017536068748e+22,-1.9813524990467912e+23,479.5
-2.6417452936312645e+23,6.60347273587701e+22,-1.9813980200435632e+23,480.0
-2.6418371169966543e+23,6.603931847198493e+22,-1.9814439322768047e+23,480.5
-2.6419297301057424e+23,6.604394906788498e+22,-1.981490239426892e+23,481.0
-2.642023140586452e+23,6.60486195276015e+22,-1.981536945310436e+23,481.5
-2.642117356322179e+23,6.605333024501429e+22,-1.9815840538720362e+23,482.0
-2.6422123854323e+23,6.605808162577498e+22,-1.9816315691745502e+23,482.5
-2.6423082362493165e+23,6.606287408616214e+22,-1.9816794953876953e+23,483.0
-2.642404917292208e+23,6.606770805174631e+22,-1.9817278367747445e+23,483.5
-2.6425024372355403e+23,6.607258395584338e+22,-1.9817765976771063e+23,484.0
-2.6426008048739033e+23,6.607750223773389e+22,-1.9818257824965637e+23,484.5
-2.6427000290812134e+23,6.60824633406258e+22,-1.981875395674955e+23,485.0
-2.642800118764406e+23,6.608746770933648e+22,-1.9819254416710405e+23,485.5
-2.6429010828110135e+23,6.60925157876688e+22,-1.981975924934326e+23,486.0
-2.6430029300300642e+23,6.609760801545321e+22,-1.9820268498755322e+23,486.5
-2.6431056690857062e+23,6.610274482522566e+22,-1.98207822083345e+23,487.0
-2.6432093084228733e+23,6.610792663850739e+22,-1.982130042037799e+23,487.5
-2.6433138561842563e+23,6.6113153861650055e+22,-1.9821823175677552e+23,488.0
-2.6434193201177627e+23,6.611842688120465e+22,-1.9822350513057155e+23,488.5
-2.643525707473575e+23,6.612374605877054e+22,-1.9822882468858695e+23,489.0
-2.6436330248898454e+23,6.61291117252759e+22,-1.9823419076370866e+23,489.5
-2.643741278266002e+23,6.613452417463893e+22,-1.9823960365196124e+23,490.0
-2.6438504726225747e+23,6.6139983656755264e+22,-1.9824506360550215e+23,490.5
-2.6439606119464304e+23,6.61454903697552e+22,-1.9825057082488777e+23,491.0
-2.6440716990202138e+23,6.615104445147277e+22,-1.9825612545054857e+23,491.5
-2.6441837352348643e+23,6.615664597006777e+22,-1.9826172755341864e+23,492.0
-2.644296720383996e+23,6.616229491374245e+22,-1.982673771246572e+23,492.5
-2.6444106524390343e+23,6.61679911794963e+22,-1.982730740644071e+23,493.0
-2.6445255273040225e+23,6.617373456086614e+22,-1.982788181695361e+23,493.5
-2.644641338549174e+23,6.617952473460393e+22,-1.9828460912031346e+23,494.0
-2.6447580771223538e+23,6.618536124625357e+22,-1.982904464659818e+23,494.5
-2.644875731037935e+23,6.619124349459839e+22,-1.9829632960919517e+23,495.0
-2.6449942850427552e+23,6.619717071496567e+22,-1.983022577893099e+23,495.5
-2.645113720259241e+23,6.620314196139335e+22,-1.983082300645307e+23,496.0
-2.645234013806253e+23,6.620915608768585e+22,-1.983142452929395e+23,496.5
-2.6453551383987255e+23,6.621521172741336e+22,-1.983203021124592e+23,497.0
-2.6454770619278083e+23,6.622130727294146e+22,-1.9832639891983933e+23,497.5
-2.6455997470239923e+23,6.622744085361427e+22,-1.9833253384878498e+23,498.0
-2.6457231506065348e+23,6.623361031325877e+22,-1.9833870474739468e+23,498.5
-2.6458472234235092e+23,6.6239813187226265e+22,-1.9834490915512464e+23,499.0
-2.6459719095879144e+23,6.624604667924438e+22,-1.9835114427954705e+23,499.5
-2.6460971461166066e+23,6.6252307638417155e+22,-1.9835740697324353e+23,500.0
